100
360
9582
44
245
9141
90
4548
4735
7355
815
9647
29
776
9057
58
6177
9371
8734
4784
7865
46
91
9152
88
165
309
5
1224
7560
72
17
9888
3
551
9449
89
5421
6845
5867
6603
9788
5807
3751
9132
2248
542
9284
74
4916
8327
9128
660
9640
78
205
9489
30
938
9854
1
8543
9656
1818
659
9338
94
401
9476
75
954
9162
89
4553
8020
99
232
9623
25
339
9296
17
165
9435
17
545
9149
82
66
9551
61
1210
4463
93
183
9030
71
23
135
35
860
2317
4268
10
9952
6
150
268
54
6112
6216
5201
2226
5074
89
3663
4450
8398
314
9271
65
612
9377
72
5695
8191
6641
692
9396
39
31
9930
9
2709
7708
7175
15
9964
8
4757
6843
3932
308
9323
18
5787
6700
6684
8366
8691
1557
5886
9073
54
2
9885
4
253
431
39
795
8578
9089
34
9902
5
98
9934
47
7447
9072
1826
219
1916
6481
4369
6576
2
3260
7195
3803
106
369
22
535
9844
6
586
8814
39
271
474
11
658
9633
79
34
57
69
811
9962
37
92
9339
67
787
9171
25
7432
8361
5771
737
9859
4
489
7544
5812
11
9940
2
606
9672
98
820
9649
4
7891
8175
5883
627
9555
99
7918
7918
7918
537
9090
13
137
430
40
3079
3079
3079
981
9834
16
947
9608
78
769
5842
3789
448
5576
3010
115
8470
7196
5389
9382
8844
704
9376
57
48
320
3116
7093
7268
7814
125
125
125
3079
4474
9743
6
9938
1
23
9925
7
157
8689
79
7547
7843
7447
105
9911
52
523
9535
42
821
9125
59
13
9878
10
